doc_id,title,date,address,Categories,Economic Cooperation,Belt and Road Initiative (BRI),Diplomatic Relations,Technology and Innovation,Cultural Exchange,Geopolitical Strategy,Trade Agreements,Infrastructure Development,Other_1,Other_2,Other_3
1,"ANNUAL GLOBAL WALK TO  RAISE BIG CAT CONSERVATION AWARENESS TAKING PLACE ON  SAT NOVEMBER 5, 2022","November 1, 2022",https://saudiembassy.net/press-release/annual-global-walk-raise-big-cat-conservation-awareness-taking-place-sat-november-5,Press Releases,0.19895758037645864,0.17142859797706406,0.1412791320952605,0.017110324292632473,0.14124435831780047,0.03602037618830695,0.006636418736158596,2.3111038735630036e-4,3.0000288264223865e-4,0.17397901663356824,0.1128130821127515
2,"Saudi Arabia Ranks as Top Reformer in World Bank?ĆÖs Women, Business and Law 2020 Report","January 15, 2020",https://saudiembassy.net/news/saudi-arabia-ranks-top-reformer-world-bank%E2%80%99s-women-business-and-law-2020-report,Press Releases,0.2889028574042009,0.1643486268781169,0.10798350836668087,0.0023024850054970355,0.2954350999317196,0.001672089924998819,4.865333615877468e-4,4.8340423077459084e-4,6.275038710841299e-4,0.13619674734943862,0.0015611436759007497
3,Saudi State Security Arrest Wanted Terrorist,"January 8, 2020",https://saudiembassy.net/news/saudi-state-security-arrest-wanted-terrorist,Press Releases,0.011807530476122551,0.3378486783960594,0.0012816976225143804,0.003569504903874172,0.001168937893274557,0.5528758834585066,7.542647252597207e-4,7.494136848595627e-4,9.72809004048783e-4,0.013872089038140691,0.07509919079733968
4,Saudi Vice Minister of Defense Holds Talks with U.S Officials,"January 7, 2020",https://saudiembassy.net/news/saudi-vice-minister-defense-holds-talks-us-officials,Press Releases,0.05666148634569264,0.01421372162080853,0.0011396995706997957,0.686373135605385,0.0010394323838458933,0.020769865175938693,6.707004588852297e-4,6.66386860604021e-4,8.650324263785972e-4,0.14158909599063754,0.07601144356112413
5,"Saudi Ambassador Visits Naval Air Station in Pensacola to Extend Condolences, Pledge Full Cooperation","December 12, 2019",https://saudiembassy.net/news/saudi-ambassador-visits-naval-air-station-pensacola-extend-condolences-pledge-full-cooperation,Press Releases,0.002133751821140353,0.19497391023604535,0.2040528236282763,0.28522256790856515,0.01729927715002389,0.11272305792511132,0.047775726571001695,0.0011222913226227402,0.0014568390274562627,0.06742044442906267,0.06581930998069438
6,"In Phone Call with U.S President, Saudi King Condemns Florida Shooting","December 6, 2019",https://saudiembassy.net/news/phone-call-us-president-saudi-king-condemns-florida-shooting,Press Releases,0.00164714328598824,0.24653184416808907,0.0014816889428057548,0.3402046038785251,0.0013513346056566722,0.2310497076392854,8.719573819395217e-4,8.663494032745404e-4,0.04913576345729609,0.06404779907391407,0.06281180816322567
7,Saudi Arabia Passes Historic Visa Reforms Granting International Travelers the Ability to Visit Saudi Arabia as Tourists,"September 27, 2019",https://saudiembassy.net/news/saudi-arabia-passes-historic-visa-reforms-granting-international-travelers-ability-visit-saudi,Press Releases,0.22263784194367642,0.15118566705604397,0.10549582581700179,0.05140527097398598,0.2656123030245394,0.0015381694115163724,0.031252063512944364,4.446875673720732e-4,0.012899044996339738,0.10064492128334317,0.05688420441323672
8,Saudi Arabia Issues Sweeping Changes to Enhance Role of Women in Society,"August 2, 2019",https://saudiembassy.net/news/saudi-arabia-issues-sweeping-changes-enhance-role-women-society,Press Releases,0.14051129330076215,0.1154077687679247,0.1334374210243915,0.0023988811271337153,0.32873688407539114,0.12036277714711333,5.069026273992265e-4,5.036424920089453e-4,6.537750256584702e-4,0.037233468403569975,0.12024718600864676
9,"HRH Ambassador Reema bint Bandar Meets President Trump at White House, Presents Credentials","July 9, 2019",https://saudiembassy.net/news/hrh-ambassador-reema-bint-bandar-meets-president-trump-white-house-presents-credentials,Press Releases,0.09385862069449191,0.09696976551047291,0.03962020286725931,0.60584172388731,0.03953621861617595,0.017396933400009595,5.617817504226951e-4,5.581686609116703e-4,7.24555088975296e-4,0.10312943571201336,0.0018025938119572752
10,"Princess Reema bint Bandar Arrives in Washington, DC to Begin Assignment as Saudi Ambassador to the U.S.","July 3, 2019",https://saudiembassy.net/news/princess-reema-bint-bandar-arrives-washington-dc-begin-assignment-saudi-ambassador-us,Press Releases,0.06976237954045694,0.04003709786001217,0.16527423236178723,0.35230416664393516,0.2714221756148466,0.04911832512449856,3.8577184085802755e-4,3.832907560046941e-4,4.975472241074779e-4,0.0070949378190094965,0.043720075214483615
11,Saudi Special Forces Capture Leader of Daesh (ISIS) Branch in Yemen,"June 25, 2019",https://saudiembassy.net/news/saudi-special-forces-capture-leader-daesh-isis-branch-yemen,Press Releases,0.02808443951248802,0.15979167422460483,0.14339065494925063,0.04306308177720673,0.007552475203568888,0.20534147700800115,0.20413982480023957,4.899671420824118e-4,6.360231433392373e-4,0.090528255022156,0.1169821272170625
12,His Majesty Issues Royal Order Dismissing Senior Saudi Government Officials,"October 19, 2018",https://saudiembassy.net/news/his-majesty-issues-royal-order-dismissing-senior-saudi-government-officials,Press Releases,0.03323119884009336,0.17942518672656885,0.001919418005081724,0.6272944851170482,0.0017505536405473903,0.14382050494406431,0.0011295560425721896,0.0011222913226227402,0.0014568390274562627,0.005225550391156652,0.0036244159427883775
13,Official Source: Kingdom of Saudi Arabia Takes Necessary Measures to Clarify Truth into Case of Citizen Jamal Khashoggi,"October 19, 2018",https://saudiembassy.net/news/official-source-kingdom-saudi-arabia-takes-necessary-measures-clarify-truth-case-citizen-jamal,Press Releases,0.011055745890540503,0.2045353799218488,0.3058415699405756,0.10006412904597553,5.823947643532609e-4,0.1978629279490852,3.757939831149226e-4,3.733770706793065e-4,4.8467833401021385e-4,0.0741595472894036,0.104664455810413
14,Custodian of the Two Holy Mosques Directs Formation of Ministerial Committee to Restructure the Presidency of the General Intelligence,"October 19, 2018",https://saudiembassy.net/news/custodian-two-holy-mosques-directs-formation-ministerial-committee-restructure-presidency,Press Releases,0.0011038987936478491,0.060649217681200455,0.11361109598913421,0.47737030176776313,9.056508038424793e-4,0.0824498413036762,5.843770303552372e-4,0.040801362557250004,7.536972336776229e-4,0.131409824700743,0.09036073213870988
15,Saudi Public Prosecutor: Preliminary Investigations into Case of Citizen Jamal Khashoggi Show Death,"October 19, 2018",https://saudiembassy.net/news/saudi-public-prosecutor-preliminary-investigations-case-citizen-jamal-khashoggi-show-death,Press Releases,0.002133751821140353,0.11723029268866283,0.26624771766618227,0.14528405632327662,0.0017505536405473903,0.36150263407673533,0.0011295560425721896,0.0011222913226227402,0.0014568390274562627,0.06742044442906267,0.03472186296174139
16,The Public Investment Fund (PIF) Denies Claims of Shelving SoftBank Solar Project,"October 1, 2018",https://saudiembassy.net/news/public-investment-fund-pif-denies-claims-shelving-softbank-solar-project,Press Releases,0.2800787811061588,0.13979368392718453,0.27996227197581697,0.0029057699810467372,0.15308916090761235,0.010562290010360357,6.140122665312413e-4,0.05132259067821733,7.919191253075173e-4,0.0028405425836516233,0.07803897743811258
17,Kingdom of Saudi Arabia Contributes $100 Million for Syria?ĆÖs Stabilization Efforts: Raqqa and Areas of Northeast Syria Liberated from ISIS,"August 16, 2018",https://saudiembassy.net/news/kingdom-saudi-arabia-contributes-100-million-syria%E2%80%99s-stabilization-efforts-raqqa-and-areas,Press Releases,0.11787832857011445,0.07550747528802566,0.06203334811517596,0.03537813294280023,0.050819160870159114,0.10735174352708976,0.056173240264451696,0.1900140891351194,5.225197638238507e-4,0.15244811763056845,0.1518738438926714
19,Energy Ministry Reiterates: Kingdom of Saudi Arabia Committed to Oil Market Stability,"May 8, 2018",https://saudiembassy.net/news/energy-ministry-reiterates-kingdom-saudi-arabia-committed-oil-market-stability,Press Releases,0.24666293767995764,0.11410037551798213,0.4208999846362853,0.040893930709685195,0.0019643562679372323,0.09159489700502958,0.0012675135687468743,0.0012593615773785624,0.0016347690288795918,0.07565479259460477,0.004067081413513099
20,Kingdom of Saudi Arabia's Statement on the United States Withdrawal from the JCPOA,"May 8, 2018",https://saudiembassy.net/news/kingdom-saudi-arabias-statement-united-states-withdrawal-jcpoa,Press Releases,0.05271187785952163,0.013205200892672138,0.09423884394547141,0.03818647960917603,5.854231184093899e-4,0.19369195114022883,0.0679755444901947,0.021174640550332018,4.871985791919294e-4,0.22534024873569813,0.2924025910791038
21,Coalition Investigating Claims of a Strike in Bani Qais,"April 23, 2018",https://saudiembassy.net/news/coalition-investigating-claims-strike-bani-qais,Press Releases,0.001255375162519653,0.10556331843063456,0.15664463342181947,0.003145006850244402,0.0010299236955435024,0.0846155996114495,0.26595547277612647,0.08299195183863124,8.571191423192135e-4,0.07625810789281459,0.22168349117789743
22,"Houthi Militias Take 19 Ships Hostage, Preventing Aid from Reaching Yemeni People","April 23, 2018",https://saudiembassy.net/news/houthi-militias-take-19-ships-hostage-preventing-aid-reaching-yemeni-people,Press Releases,0.0010950897289326402,0.05218528271501182,0.08876461386560107,0.01072341137552417,8.984237495270504e-4,0.001992326854914241,0.36765772779062467,0.3038143447521391,7.476827622918899e-4,0.01864178438830799,0.15347931201712547
23,"Crown Prince Visits Houston City, Meets Mayor, and Views Rebuilding Efforts","April 9, 2018",https://saudiembassy.net/news/crown-prince-visits-houston-city-meets-mayor-and-views-rebuilding-efforts,Press Releases,0.0014550341229174436,0.005720727716310148,0.0013088770052195919,0.5337894043813844,0.0436052625500075,0.00264718358807959,7.702594881965967e-4,0.14920568308524318,0.032802090489338964,0.01416625734294627,0.21452922023035634
24,"Crown Prince Mohammed bin Salman Meets with SABIC, Energy Secretary Perry and U.S. Business and Industry Leaders in Houston","April 9, 2018",https://saudiembassy.net/news/crown-prince-mohammed-bin-salman-meets-sabic-energy-secretary-perry-and-us-business-and,Press Releases,0.08641111365468507,0.05574395772320064,0.026624668913632042,0.5314268867576295,0.08620103641698097,0.0021281897537596124,6.192461897609931e-4,0.04323593671242503,7.986695505546338e-4,0.09663023677724926,0.07018005755012234
25,"Crown Prince Meets Presidents Bush, Former Secretary of State Baker","April 9, 2018",https://saudiembassy.net/news/crown-prince-meets-presidents-bush-former-secretary-state-baker,Press Releases,0.023061015680596254,0.010941008974128743,0.002503254091137718,0.9194920075929818,0.022561258769518915,0.005062792852519483,0.0014731370536548514,0.0014636625984365082,0.001899970848431064,0.006815024325330448,0.004726867213264197
26,Crown Prince Meets with Former Secretary of Defense Panetta,"April 9, 2018",https://saudiembassy.net/news/crown-prince-meets-former-secretary-defense-panetta,Press Releases,0.002353296346506497,0.009252406814458587,0.0021169094428065147,0.9319173670978189,0.03622777455942971,0.004281416750466901,0.0012457775463028521,0.001237765349783064,0.0016067351070513235,0.005763214129290092,0.003997336856085453
27,Crown Prince Visits Apple Headquarters,"April 9, 2018",https://saudiembassy.net/news/crown-prince-visits-apple-headquarters,Press Releases,0.05998428720486395,0.054142606037842586,0.030528046606621798,0.5995642476982277,0.19657713189152384,0.002440198456599155,7.100323614660001e-4,7.054658007406458e-4,9.157605430405129e-4,0.02283242500114845,0.031599798397925365
28,Public Investment Fund Announces Agreement with Six Flags,"April 6, 2018",https://saudiembassy.net/news/public-investment-fund-announces-agreement-six-flags,Press Releases,0.27945343028218467,0.15110158497354997,0.09375202233033637,0.049057295124231674,0.38752648659309985,0.001930699267701865,0.00829489881657656,5.581686609116703e-4,7.24555088975296e-4,0.0025989138520131185,0.02500194501041887
29,Kingdom of Saudi Arabia?ĆÖs General Entertainment Authority Announces  Top Entertainment Partners at Summit,"April 6, 2018",https://saudiembassy.net/news/kingdom-saudi-arabia%E2%80%99s-general-entertainment-authority-announces-top-entertainment-partners,Press Releases,0.17983234896344982,0.16021044714778135,0.07734684388717177,0.08255501746579119,0.35897385123613346,0.0010655206752774454,0.017381150500628918,3.0804396025966126e-4,3.998698505747205e-4,0.06971874728893065,0.052208159024001034
30,Crown Prince Meets with Entertainment and Development Leaders,"April 5, 2018",https://saudiembassy.net/news/crown-prince-meets-entertainment-and-development-leaders,Press Releases,0.2089302836324418,0.03773082065971468,0.06751872597480768,0.3935020732182811,0.2502833814674267,0.0020751238485288365,6.038054333329891e-4,5.999220692396668e-4,7.787549153086143e-4,0.01110491111727938,0.026872197663638565
31,AMC to Open First International Movie Theater in Kingdom of Saudi Arabia,"April 5, 2018",https://saudiembassy.net/news/amc-open-first-international-movie-theater-kingdom-saudi-arabia,Press Releases,0.2756942453622926,0.18789497949056647,0.0743129723618876,0.03973685621021413,0.34865249261525594,0.0022839385515176177,6.64564916345932e-4,0.03725214013866908,8.571191423192135e-4,0.03051829619285243,0.0021323950180790465
32,Crown Prince Mohammed bin Salman Meets with Mayor Eric Garcetti,"April 4, 2018",https://saudiembassy.net/news/crown-prince-mohammed-bin-salman-meets-mayor-eric-garcetti,Press Releases,0.056716784795796775,0.009754219012631947,0.0022317218372603182,0.7835958995067936,0.03819261890222141,0.004513623050290495,0.0013133433571757963,0.0013048966123240535,0.0016938777599977734,0.0060757869774968375,0.09460722818801087
33,The Custodian of the Two Holy Mosques King Salman Al Saud Calls United States President Donald Trump,"April 4, 2018",https://saudiembassy.net/news/custodian-two-holy-mosques-king-salman-al-saud-calls-united-states-president-donald-trump,Press Releases,0.07467610917096304,0.0398256126762835,6.520669383406058e-4,0.43495890450276853,5.947001381515836e-4,0.0699877932318719,0.04264157896044686,3.8126612584197405e-4,0.042752763920345806,0.1602421483221831,0.13328705601280308
34,Virgin Galactic and Virgin Hyperloop One extend relationship with the Public Investment Fund (PIF) of the Kingdom of Saudi Arabia (KSA),"April 4, 2018",https://saudiembassy.net/news/virgin-galactic-and-virgin-hyperloop-one-extend-relationship-public-investment-fund-pif-kingdom,Press Releases,0.2797243913077636,0.10366664136833255,0.1987481636886488,0.23666207616983548,0.1447490042560509,0.0022429025749419363,6.526245467934892e-4,6.484272034250321e-4,8.417191128291871e-4,0.029969967917178174,0.0020940818542008644
35,"Crown Prince Meets with Bill Gates, Jeff Bezos, and Satya Nadella","April 4, 2018",https://saudiembassy.net/news/crown-prince-meets-bill-gates-jeff-bezos-and-satya-nadella,Press Releases,0.21145842496955286,0.03327758712588543,0.02782512324802665,0.6072780451626029,0.10630538520997913,0.0032715687445590653,9.519388372349956e-4,9.458164592379121e-4,0.0012277581612305396,0.0044038579546199245,0.0030544941270706765
36,Saudi Arabian Military Industries (SAMI) and Boeing Form Joint Venture Partnership,"April 4, 2018",https://saudiembassy.net/news/saudi-arabian-military-industries-sami-and-boeing-form-joint-venture-partnership,Press Releases,0.2721014185625729,0.0496429420272753,0.048465238448087096,0.3009895018163262,0.17579997358024355,7.066416772926065e-4,2.0561379238704427e-4,0.03699876154717692,2.65189318673041e-4,0.01793327335266507,0.0968914458773002
37,The Economic Club of New York organizes a Panel Discussion on New Economic Opportunities in the Kingdom of Saudi Arabia,"April 4, 2018",https://saudiembassy.net/news/economic-club-new-york-organizes-panel-discussion-new-economic-opportunities-kingdom-saudi,Press Releases,0.35839334655290955,0.026352766763107344,0.05303577761462505,0.24825262293471645,0.2986479193231165,0.00185882664735351,0.007986111154279748,5.373901559797209e-4,6.975826475896542e-4,0.002502166133852869,0.0017354900724695025
38,Crown Prince Meets with Representatives of Permanent Members of UNSC,"April 4, 2018",https://saudiembassy.net/news/crown-prince-meets-representatives-permanent-members-unsc,Press Releases,0.0020693988015481253,0.008136212679588861,0.0018615291994282695,0.7290138050153112,0.046937100182818416,0.0037649141407528263,0.0010954891274708265,0.0010884435082905515,0.0014129014009957915,0.201105100797073,0.0035151051467221367
39,Saudi Stock Exchange Joins FTSE Global Equity Index Series,"March 30, 2018",https://saudiembassy.net/news/saudi-stock-exchange-joins-ftse-global-equity-index-series,Press Releases,0.2302170857555036,0.021941960051448904,0.06275616382950681,0.057923028416438135,0.509023425153878,0.0015477046643883462,4.5034058387166556e-4,4.4744422627594223e-4,5.808244243797698e-4,0.07647246249252362,0.038639560401785164
40,Crown Prince Meets with Presidents of Large Financial Service Firms,"March 30, 2018",https://saudiembassy.net/news/crown-prince-meets-presidents-large-financial-service-firms,Press Releases,0.18582902973152857,0.008260783483963512,0.17030731525281598,0.4798942308229015,0.10889838729224786,0.003822557469582177,0.03173358630214897,0.0011051082992299855,0.0014345338571465087,0.005145543754019489,0.0035689237344155417
41,His Royal Highness Meets with 42nd President Bill Clinton,"March 30, 2018",https://saudiembassy.net/news/his-royal-highness-meets-42nd-president-bill-clinton,Press Releases,0.14625091195121426,0.007784066623765909,0.001780959751308699,0.7551695542237664,0.07375981624352786,0.003601963672594075,0.0010480749077806802,0.0010413342323258056,0.001351749157904165,0.00484860249327982,0.0033629667425323735
42,Crown Prince Meets with Former Secretary of State John Kerry,"March 30, 2018",https://saudiembassy.net/news/crown-prince-meets-former-secretary-state-john-kerry,Press Releases,0.032722407178313255,0.008260783483963512,0.0018900304442791348,0.8320394626952967,0.10889838729224786,0.003822557469582177,0.0011122617915059092,0.0011051082992299855,0.0014345338571465087,0.005145543754019489,0.0035689237344155417
43,Crown Prince Meets with Chairman and Members of the Economic Club of New York,"March 30, 2018",https://saudiembassy.net/news/crown-prince-meets-chairman-and-members-economic-club-new-york,Press Releases,0.2069449610308209,0.007898012096853412,0.0018070299677162888,0.6344792838191021,0.10411612673684749,0.0036546902838315277,0.0010634169387486057,0.0010565775912896543,0.0013715364625018365,0.03419617022637789,0.0034121948459102974
44,His Royal Highness Attended Dinner Event of the Saudi-U.S. CEO Forum,"March 30, 2018",https://saudiembassy.net/news/his-royal-highness-attended-dinner-event-saudi-us-ceo-forum,Press Releases,0.1768719143675559,0.06175710803368083,0.0021538447618748026,0.49453558224029653,0.19388967037704205,0.05669938534882871,0.0012675135687468743,0.0012593615773785624,0.0016347690288795918,0.005863769282203004,0.004067081413513099
45,His Royal Highness the Crown Prince Meets with Religious Leaders in the United States,"March 30, 2018",https://saudiembassy.net/news/his-royal-highness-crown-prince-meets-religious-leaders-united-states,Press Releases,0.0787621531473089,0.11169395076167098,0.0011948566645627844,0.4485724158940452,0.06884437454969626,0.002416579204863837,7.03159792130365e-4,6.986374322145986e-4,0.17513310770479903,0.10972453012916149,0.0022562347195466217
46,His Royal Highness the Crown Prince Meets with Mr. Mark Makepeace of FTSE,"March 30, 2018",https://saudiembassy.net/news/his-royal-highness-crown-prince-meets-mr-mark-makepeace-ftse,Press Releases,0.1577226592299947,0.005273420025277189,0.10871874422672644,0.4822782012680708,0.18680329468901077,0.031761710064138395,7.100323614660001e-4,7.054658007406458e-4,9.157605430405129e-4,0.003284750596122293,0.021825961195412285
47,Second Annual Saudi-U.S. CEO Forum Recap,"March 28, 2018",https://saudiembassy.net/news/second-annual-saudi-us-ceo-forum-recap,Press Releases,0.32806845855069133,0.06903573990031545,0.08019653355540318,0.05065577841868755,0.2740530860237727,0.03847517331955462,0.02612888553607666,1.442674123540551e-4,0.004184762471453172,0.06063407819785649,0.06842323661383477
48,Kingdom of Saudi Arabia's Crown Prince Meets with Global Advisors on Gigaprojects,"March 28, 2018",https://saudiembassy.net/news/kingdom-saudi-arabias-crown-prince-meets-global-advisors-gigaprojects,Press Releases,0.28582927539618164,0.0811478625036285,0.09949686978594771,0.061318502489202995,0.30028645702684353,0.015120869259944386,1.7576523002936254e-4,0.0509834677275238,2.2669229071052308e-4,0.054041425994465014,0.05137281229552246
49,Public Investment Fund Announces the Signing of MOU with Softbank Vision Fund to Create a 'New' Solar Energy Plan - The World's Largest Such Project,"March 28, 2018",https://saudiembassy.net/news/public-investment-fund-announces-signing-mou-softbank-vision-fund-create-new-solar-energy-plan,Press Releases,0.25713933478626205,0.0902252309988181,0.3879870628613665,0.0018754335704174855,0.14790245579831854,0.0013619604777502983,3.9629400290177235e-4,0.08222057340592615,5.111181278438161e-4,0.0018333346941872026,0.02854720127620802
50,"His Royal Highness Crown Prince Mohammed Bin Salman meets with the Secretary General of the United Nations, attends signing of agreement between the Kingdom of Saudi Arabia and the United Nations","March 28, 2018",https://saudiembassy.net/news/his-royal-highness-crown-prince-mohammed-bin-salman-meets-secretary-general-united-nations,Press Releases,5.907093619211591e-4,0.04967219547922517,0.004835892640268996,0.38027758948513973,4.846245068294157e-4,0.0828605662498794,0.07348954035145082,0.15527340164657938,0.0090123515526731,0.22097714483814523,0.02252598388788757
51,Saudi-U.S. CEO Forum 2018 concludes with more than $20 billion dollars in new business partnerships,"March 27, 2018",https://saudiembassy.net/news/saudi-us-ceo-forum-2018-concludes-more-20-billion-dollars-new-business-partnerships,Press Releases,0.434115771605262,0.004172360716626537,0.03962020286725931,0.1495878169842319,0.2715297306007919,0.001930699267701865,0.03149425001503816,0.04695687105783486,7.24555088975296e-4,0.018065147984320847,0.0018025938119572752
52,Coalition Press Conference: Findings on Houthi Ballistic Missile Attacks on the Kingdom of Saudi Arabia,"March 26, 2018",https://saudiembassy.net/news/coalition-press-conference-findings-houthi-ballistic-missile-attacks-kingdom-saudi-arabia,Press Releases,4.759742858479173e-4,0.12673525882571007,0.02470725089477652,0.0011924263234007165,0.010795817955715383,0.04595568773865715,0.47542840335643866,2.503486138857459e-4,3.2497589870516516e-4,0.10521889304994264,0.20891496305692
53,Kingdom of Saudi Arabia Intercepts 7 Ballistic Missiles Fired by the Iranian-Backed Houthi Militia,"March 26, 2018",https://saudiembassy.net/news/kingdom-saudi-arabia-intercepts-7-ballistic-missiles-fired-iranian-backed-houthi-militia,Press Releases,0.006486819556129403,0.14567889700021486,7.041388730339408e-4,0.0019610141394913014,0.006346243228139869,0.12120920791796447,0.4624426125753999,0.011819817353604347,5.3444168402559e-4,0.053253464714045524,0.18956334295795071
54,His Royal Highness the Crown Prince Visits Harvard University,"March 26, 2018",https://saudiembassy.net/news/his-royal-highness-crown-prince-visits-harvard-university,Press Releases,0.20078097476235818,0.01615235032542061,0.001295144735684461,0.3917977251085987,0.28445554781927634,0.03409433760080276,7.621782010613452e-4,7.572762652798525e-4,9.830153682805077e-4,0.0035259875974083385,0.06539546221582884
55,Crown Prince Mohammed bin Salman?ĆÖs Visit to Boston Extends,"March 26, 2018",https://saudiembassy.net/news/crown-prince-mohammed-bin-salman%E2%80%99s-visit-boston-extends,Press Releases,0.2534339662588201,0.03418445422244955,0.07824311712534258,0.3319466714027361,0.2047023261605608,8.097796453486266e-4,0.009965965251197417,0.039155473060025654,3.0389505647057587e-4,0.046498302544034746,7.560492730138621e-4
56,Crown Prince Tours IBM Watson Health Center,"March 26, 2018",https://saudiembassy.net/news/crown-prince-tours-ibm-watson-health-center,Press Releases,0.33717232646675455,0.0056607078866208905,0.022278429613283898,0.38130608266979904,0.1270809112372806,0.0026194102844035996,0.021745463078660782,7.572762652798525e-4,9.830153682805077e-4,0.014017630036208057,0.08637874709342828
57,Crown Prince Meets with World Bank President,"March 26, 2018",https://saudiembassy.net/news/crown-prince-meets-world-bank-president,Press Releases,0.1522358471844431,0.11260477413207305,0.07747800723500776,0.3806074300853085,0.25084573050823855,0.006193049824361674,0.0018020115452398403,0.0017904219394757638,0.002324135012419614,0.008336462982087978,0.005782129551344139
58,Crown Prince Meets with Managing Director of the International Monetary Fund,"March 26, 2018",https://saudiembassy.net/news/crown-prince-meets-managing-director-international-monetary-fund,Press Releases,0.43335290081472005,0.008945598684623073,0.10152616834418171,0.337298243437271,0.08476619575063718,0.004139445748478046,0.001204467789086495,0.0011967212755483792,0.001553456062666338,0.022152016200979018,0.0038647858918086074
59,Crown Prince Meets with Secretary of the Treasury,"March 26, 2018",https://saudiembassy.net/news/crown-prince-meets-secretary-treasury,Press Releases,0.25794635560979456,0.02189528887457821,0.08708719112575311,0.34621564127991883,0.10115466289645521,0.07466037018722077,0.001033169263291715,0.0010265244532289036,0.0013325246804966838,0.10433313275315435,0.003315138876107687
60,His Royal Highness Crown Prince Mohammed bin Salman Continues Meetings with Members of Congress,"March 21, 2018",https://saudiembassy.net/news/his-royal-highness-crown-prince-mohammed-bin-salman-continues-meetings-members-congress,Press Releases,0.08365840636229124,0.006324222721605017,0.0014469539727605001,0.5432146453199606,0.0013196555091253067,0.002926442128728157,0.1532298588002585,0.05945309455923486,0.001098238639457084,0.14459621468812192,0.00273226729845688
61,HRH Crown Prince Mohammed bin Salman Meets with Members of the U.S. Senate,"March 20, 2018",https://saudiembassy.net/news/hrh-crown-prince-mohammed-bin-salman-meets-members-us-senate,Press Releases,0.20822505142848546,0.0050750107113040075,0.0011611398323207339,0.37947784762679565,0.02927729344919112,0.05878500153198521,0.03830772721396791,6.789230666353467e-4,8.813055934560966e-4,0.1724710060983231,0.1056596934475354
62,HRH Crown Prince Mohammed bin Salman Meets with Congressional Leadership,"March 20, 2018",https://saudiembassy.net/news/hrh-crown-prince-mohammed-bin-salman-meets-congressional-leadership,Press Releases,0.14966983158360658,0.008491042177730373,0.12201732967793073,0.3548750065478503,0.03922800535073757,0.006892278796848538,0.06658420645432138,3.980884873804223e-4,5.167560624468807e-4,0.21143477092435853,0.03989268393678867
63,"His Royal Highness Prince Mohammed bin Salman, the Kingdom's Crown Prince's Visit to the United States","March 19, 2018",https://saudiembassy.net/news/his-royal-highness-prince-mohammed-bin-salman-kingdoms-crown-princes-visit-united-states,Press Releases,0.06085398381006109,0.07119479349641801,0.02205397105402326,0.7332481969671022,0.06935693816184647,0.0010746937845466473,0.004617226696433763,3.106959227909784e-4,4.033123457959663e-4,0.035882801890286885,0.0010033858706947393
64,Former UN Special Envoy attests Iranian-backed Houthis Preventing Peaceful Political,"March 9, 2018",https://saudiembassy.net/news/former-un-special-envoy-attests-iranian-backed-houthis-preventing-peaceful-political,Press Releases,0.0675261440349413,0.05571889571933688,0.06742427238323592,0.002540707209611982,8.320282540606369e-4,0.10530817549891869,0.19268260272932083,5.334187242712616e-4,6.924273580573071e-4,0.27592183040588897,0.23081949768235613
65,Yemen Comprehensive Humanitarian Operations: One Month Status Update,"February 23, 2018",https://saudiembassy.net/news/yemen-comprehensive-humanitarian-operations-one-month-status-update,Press Releases,0.029556183773776397,0.07460407893792659,0.025873898093739783,0.012145381739869492,0.011305583725779887,9.068423884915393e-4,0.25815126091661195,0.46155370567282766,3.4032087672678326e-4,0.08839390396947744,0.03716883990477241
66,Kingdom of Saudi Arabia Announces Approval of Bankruptcy Law,"February 21, 2018",https://saudiembassy.net/news/kingdom-saudi-arabia-announces-approval-bankruptcy-law,Press Releases,0.07617249677246128,0.009933808547309153,0.24162195304552153,0.006329738235025884,0.3887137779100241,0.17029997759738158,0.0013375239422212166,0.001328921680359296,0.0017250645437191683,0.06142206852895447,0.04111466919702227
67,"Under-Secretary General for Humanitarian Affairs and Emergency Relief Coordinator, Mark Lowcock, Welcomes Yemen Aid","February 14, 2018",https://saudiembassy.net/news/under-secretary-general-humanitarian-affairs-and-emergency-relief-coordinator-mark-lowcock,Press Releases,0.0010450528683036999,0.10310818721224439,9.400780689726141e-4,0.002618100570897063,8.573729545528058e-4,0.0019012934185365627,0.04624524437040738,0.5260078851188403,7.135196273605408e-4,0.19294274287049504,0.12362052291938952
68,YCHO Commemorates Red Hand Day for Child Soldiers and Provides YCHO Aid Distribution Update,"February 12, 2018",https://saudiembassy.net/news/ycho-commemorates-red-hand-day-child-soldiers-and-provides-ycho-aid-distribution-update,Press Releases,0.03866563780915245,0.11230629100590608,5.223786797606376e-4,0.0014548152593331278,4.7642144503087986e-4,0.08992133289588587,0.3980833199972993,0.15687680413512028,0.013091461348069964,0.1199085983108585,0.06869293911358289
69,YCHO Aid Delivery Announcements: Cranes to be Delivered to Three Different Yemeni Ports,"February 6, 2018",https://saudiembassy.net/news/ycho-aid-delivery-announcements-cranes-be-delivered-three-different-yemeni-ports,Press Releases,0.06303719123038387,0.09139013382826142,1.803928928079121e-4,5.023909728713455e-4,0.05277195423168697,0.03105251036214748,0.3245186549232905,0.31136611422756233,1.3691827721867754e-4,0.10570597700721543,0.019337762046554057
70,Kingdom of Saudi Arabia Intercepts Ballistic Missile Launched by Iranian-backed Houthi Militia,"February 5, 2018",https://saudiembassy.net/news/kingdom-saudi-arabia-intercepts-ballistic-missile-launched-iranian-backed-houthi-militia,Press Releases,9.642766643599942e-4,0.05297824914584289,8.674157758719846e-4,0.0024157373871060055,7.911032616661787e-4,0.029861205009358103,0.4431936663544559,0.04266748638508755,6.583689180657431e-4,0.1428958598161404,0.2827066312820452
71,Yemen Comprehensive Humanitarian Operations (YCHO): New Humanitarian Operation Commits Over $3.5 Billion to Relieve Suffering in Yemen,"January 22, 2018",https://saudiembassy.net/news/yemen-comprehensive-humanitarian-operations-ycho-new-humanitarian-operation-commits-over-35,Press Releases,0.07647394961022605,0.04970886336925326,0.027978432410453415,0.014640177158384901,0.04641573279718095,0.019038542741374294,0.2794109054255141,0.34864369150104546,2.1622910184397988e-4,0.08616402698934737,0.0513094488953762
72,Yemen Humanitarian Developments: Crane Installations and Central Bank Injection,"January 18, 2018",https://saudiembassy.net/news/yemen-humanitarian-developments-crane-installations-and-central-bank-injection,Press Releases,0.03483318230978915,0.12023585916379188,0.02715618087320355,0.0013106170756976023,0.053800358074817374,0.0466984918209771,0.30906721801034637,0.24044537591407228,3.57186816220622e-4,0.06608903227166411,0.10000649766941992
73,Arab Coalition Forces' Command: Saudi Royal Air Defense Forces Intercept and Destroy a Ballistic Missile Fired at Najran,"January 5, 2018",https://saudiembassy.net/news/arab-coalition-forces-command-saudi-royal-air-defense-forces-intercept-and-destroy-ballistic,Press Releases,4.7763092057570084e-4,0.015799943981958716,4.296532425438319e-4,0.0011965765788166153,3.918537004012693e-4,0.05307666327156046,0.4736026250527631,0.007212246116125409,3.2610698157139307e-4,0.1751953703896424,0.2722913297640411
74,The Coalition Supporting Legitimacy in Yemen Announces the Sustained Opening of Hudaydah Port for Additional Relief for 30 Days,"December 20, 2017",https://saudiembassy.net/news/coalition-supporting-legitimacy-yemen-announces-sustained-opening-hudaydah-port-additional,Press Releases,0.0437392685708584,0.08224088605035157,0.07927539984227165,0.016703919818034613,8.023794490830408e-4,0.030286839133871354,0.32122709563805973,0.1929400237524037,6.677531434498102e-4,0.1164251633191511,0.11569127128246498
75,Saudi Royal Air Defense Forces Intercept and Destroy Ballistic Missile Launched towards the Kingdom of Saudi Arabia,"December 19, 2017",https://saudiembassy.net/news/saudi-royal-air-defense-forces-intercept-and-destroy-ballistic-missile-launched-towards-kingdom,Press Releases,0.0010450528683036999,0.06503150476715239,0.008555414557991015,0.002618100570897063,8.573729545528058e-4,0.10090066777577576,0.4650887512664194,0.031011013332644336,7.135196273605408e-4,0.03302067660110862,0.29115792567779436
76,Kingdom of Saudi Arabia Welcomes UN Report and US Stance on Iran's Hostile Interferences and Support for Houthi Terrorist Militias,"December 14, 2017",https://saudiembassy.net/news/kingdom-saudi-arabia-welcomes-un-report-and-us-stance-irans-hostile-interferences-and-support,Press Releases,6.81671708066029e-4,0.042419037617383214,0.08009104426488785,0.0017077462223981993,5.592510236618809e-4,0.1750979721705398,0.1791860137974279,0.04506482783363791,4.6541773901925603e-4,0.2649397763349147,0.20978724128806325
77,The Kingdom of Saudi Arabia Announces Cinema Openings,"December 11, 2017",https://saudiembassy.net/news/kingdom-saudi-arabia-announces-cinema-openings,Press Releases,0.1342388974356266,0.21402237881584305,0.13410800636885728,0.0032644594590102325,0.3903811477880662,0.04984777243121277,6.89806200938237e-4,6.853697244108764e-4,8.896739577610956e-4,0.04117284922957419,0.030699638588699552
78,Embassy Statement on Art Work Purchase,"December 8, 2017",https://saudiembassy.net/news/embassy-statement-art-work-purchase,Press Releases,0.0022752614669882152,0.406863419620991,0.002046713110089749,0.27097860661454304,0.23398537860177515,0.004139445748478046,0.001204467789086495,0.0011967212755483792,0.001553456062666338,0.07189174381802502,0.0038647858918086074
79,The Kingdom of Saudi Arabia's Royal Court Issues a Statement Following Jerusalem Announcement,"December 6, 2017",https://saudiembassy.net/news/kingdom-saudi-arabias-royal-court-issues-statement-following-jerusalem-announcement,Press Releases,9.642766643599942e-4,0.2145927514141997,8.674157758719846e-4,0.1007897822461058,7.911032616661787e-4,0.13526196735828644,5.104644889568634e-4,5.071814455162158e-4,6.583689180657431e-4,0.2623500571449259,0.2827066312820452
80,Statement by the Kingdom of Saudi Arabia's Attorney General on the proceedings of the Supreme Anti-Corruption Committee,"December 5, 2017",https://saudiembassy.net/news/statement-kingdom-saudi-arabias-attorney-general-proceedings-supreme-anti-corruption-committee,Press Releases,0.014846297965486302,0.295955573148224,0.2987187643738675,0.04421758555400568,5.327856154810491e-4,0.10055968972745463,3.437833594027878e-4,3.4157232273420877e-4,4.4339279866761975e-4,0.053645654940551596,0.19039490019412453
81,The Kingdom of Saudi Arabia's Statement on Jerusalem,"December 5, 2017",https://saudiembassy.net/news/kingdom-saudi-arabias-statement-jerusalem,Press Releases,7.87257835502186e-4,0.17519849980495958,0.03512882923441389,0.17981229355746925,6.458750527281494e-4,0.09322068216023267,4.1675504917837593e-4,4.140746963621443e-4,0.012011057947460045,0.29450352399180396,0.20786115066988975
82,Yemen Humanitarian Aid Update: Al Ghaidah Airport Receiving Aid Aircraft,"December 1, 2017",https://saudiembassy.net/news/yemen-humanitarian-aid-update-al-ghaidah-airport-receiving-aid-aircraft,Press Releases,0.002238153091935508,0.17189469234935212,0.0020133322442787353,0.005607094210709832,0.001836205600094663,0.004071933461396514,0.2295178121815771,0.45784318066871627,0.0015281199722707005,0.07071922548046279,0.05273025073920572
83,Kingdom of Saudi Arabia Intercepts another Ballistic Missile from Yemen,"November 30, 2017",https://saudiembassy.net/news/kingdom-saudi-arabia-intercepts-another-ballistic-missile-yemen,Press Releases,0.0014550341229174436,0.07994091647005268,0.0013088770052195919,0.0036451989975093005,0.0011937261192974827,0.08747025644949961,0.5627231171951043,0.04317684200846812,9.93438166306452e-4,0.09898933020436629,0.1191032632612588
84,Coalition to Restore Legitimacy in Yemen Reopens Critical Infrastructure to Facilitate Humanitarian Aid Distribution,"November 22, 2017",https://saudiembassy.net/news/coalition-restore-legitimacy-yemen-reopens-critical-infrastructure-facilitate-humanitarian-aid,Press Releases,7.963953172264296e-4,0.07277149458287402,0.07035672149180063,0.001995155554258844,6.533715439973456e-4,0.024662345066677766,0.40085345235681163,0.17451968950576177,5.437463569679864e-4,0.1470343765136971,0.10581325170992639
85,Kingdom of Saudi Arabia Amplifies Aid Distribution through Liberated Ports,"November 14, 2017",https://saudiembassy.net/news/kingdom-saudi-arabia-amplifies-aid-distribution-through-liberated-ports,Press Releases,0.053537003695916054,0.10156133966066154,0.04593251390474078,0.017581003040990664,0.04585104954730839,0.0018727698730372135,0.11306127348858791,0.5331187999956992,7.028152777018952e-4,0.04002638432005504,0.04675504719530121
86,The Kingdom of Saudi Arabia?ĆÖs Anti-Corruption Proceeding's Status,"November 9, 2017",https://saudiembassy.net/news/kingdom-saudi-arabia%E2%80%99s-anti-corruption-proceedings-status,Press Releases,0.05075808727127008,0.2653514652234005,0.2066160996442367,0.045808818540800926,0.05060435772253496,0.14502583680638018,4.531497003116231e-4,4.502352759326039e-4,0.05048652674834415,0.09566275908353043,0.08878266398325779
87,Embassy of the Kingdom of Saudi Arabia Recognizes Americans for Returning Recovered Antiquities,"November 8, 2017",https://saudiembassy.net/culture/embassy-kingdom-saudi-arabia-recognizes-americans-returning-recovered-antiquities,Press Releases,0.3782014401288333,0.1417663450965325,6.131982815684189e-4,0.17059816893695195,0.13964548149447087,0.03601174169973079,3.6086033495918963e-4,0.030162731711765513,0.0352369753567215,0.0016694115151691552,0.0657336454432968
88,The Kingdom of Saudi Arabia Extends its Sympathies to the Victims of the Texas Shooting,"November 7, 2017",https://saudiembassy.net/news/kingdom-saudi-arabia-extends-its-sympathies-victims-texas-shooting,Press Releases,0.0013680053122129565,0.234658707697452,0.0012305901751524632,0.46198747030934023,0.0011223267185322013,0.211831594752289,7.241885637173912e-4,7.195309576246288e-4,9.340184312223406e-4,0.0033502399967576067,0.08207332708569921
89,Kingdom announces List of 40 leaders and elements of the Houthi terrorist group; Financial rewards for information leading to their arrest,"November 6, 2017",https://saudiembassy.net/news/kingdom-announces-list-40-leaders-and-elements-houthi-terrorist-group-financial-rewards,Press Releases,7.210718064230182e-4,0.18674165717312408,0.11099262106367654,0.0018064526353754392,5.915753009903903e-4,0.31658038117841547,0.09496227240789792,0.0056337380293188365,0.011001269038753841,0.1226188331204017,0.14835012824562277
