doc_id,title,date,address,Categories,Economic Cooperation,Belt and Road Initiative (BRI),Diplomatic Relations,Technology and Innovation,Cultural Exchange,Geopolitical Strategy,Trade Agreements,Infrastructure Development,Other_1,Other_2,Other_3
1,"ANNUAL GLOBAL WALK TO  RAISE BIG CAT CONSERVATION AWARENESS TAKING PLACE ON  SAT NOVEMBER 5, 2022","November 1, 2022",https://saudiembassy.net/press-release/annual-global-walk-raise-big-cat-conservation-awareness-taking-place-sat-november-5,Press Releases,0.3494034267623242,0.20269587948556947,7.809489713144392e-5,0.009286295516273576,0.026506739507457137,0.09711870133029381,0.026535030105366265,0.23793039347706185,1.8128377824611194e-4,0.006050094397298869,0.04421406074297725
2,"Saudi Arabia Ranks as Top Reformer in World Bank?ĆÖs Women, Business and Law 2020 Report","January 15, 2020",https://saudiembassy.net/news/saudi-arabia-ranks-top-reformer-world-bank%E2%80%99s-women-business-and-law-2020-report,Press Releases,0.7137265081349249,5.73356146379205e-4,0.0814858106493786,0.0010343855234040639,2.2008862694339996e-4,6.520289471616293e-4,0.06908904495769218,0.13199888245236682,3.8653595630319605e-4,3.8944000524196e-4,4.4391860020406626e-4
3,Saudi State Security Arrest Wanted Terrorist,"January 8, 2020",https://saudiembassy.net/news/saudi-state-security-arrest-wanted-terrorist,Press Releases,0.028730065453462402,0.15845614019569904,2.4679037324689513e-4,0.0015330525308114727,0.00032619117234744917,0.04732118173770937,4.155932648506163e-4,9.440076203116385e-4,0.7607918651231604,5.771851714152426e-4,6.57927356985337e-4
4,Saudi Vice Minister of Defense Holds Talks with U.S Officials,"January 7, 2020",https://saudiembassy.net/news/saudi-vice-minister-defense-holds-talks-us-officials,Press Releases,0.1863364401880495,8.497654611119242e-4,2.4679037324689513e-4,0.5763327721510704,0.00032619117234744917,0.2327404461313413,4.155932648506163e-4,9.440076203116385e-4,5.72881109269708e-4,5.771851714152426e-4,6.57927356985337e-4
5,"Saudi Ambassador Visits Naval Air Station in Pensacola to Extend Condolences, Pledge Full Cooperation","December 12, 2019",https://saudiembassy.net/news/saudi-ambassador-visits-naval-air-station-pensacola-extend-condolences-pledge-full-cooperation,Press Releases,0.09402692023720813,0.26350131197831933,0.04666125587225048,0.2954714772016096,0.04679329376430871,0.0016069974536309982,6.911020955214643e-4,0.0015698176552984067,0.2476239192906119,9.598179643560174e-4,0.0010940864868849683
6,"In Phone Call with U.S President, Saudi King Condemns Florida Shooting","December 6, 2019",https://saudiembassy.net/news/phone-call-us-president-saudi-king-condemns-florida-shooting,Press Releases,0.0011521747229602695,0.11753120146972583,3.1002304209909416e-4,0.40954883287765764,4.0976792662757714e-4,0.0012139679977570743,5.22076637551759e-4,0.0011858814035706022,0.38504990438783643,7.250716482268292e-4,0.08235109788598695
7,Saudi Arabia Passes Historic Visa Reforms Granting International Travelers the Ability to Visit Saudi Arabia as Tourists,"September 27, 2019",https://saudiembassy.net/news/saudi-arabia-passes-historic-visa-reforms-granting-international-travelers-ability-visit-saudi,Press Releases,0.4924636934594376,0.11925377506582663,1.5050979186848428e-4,0.01789717967143358,0.16982111884068848,5.893564215108117e-4,0.017215675934766278,0.13061939609914613,3.4938241466699895e-4,3.5200732863422795e-4,0.05128790497202077
8,Saudi Arabia Issues Sweeping Changes to Enhance Role of Women in Society,"August 2, 2019",https://saudiembassy.net/news/saudi-arabia-issues-sweeping-changes-enhance-role-women-society,Press Releases,0.48109682635665324,0.2141390339641659,0.026868553614340387,0.0011034072957082234,2.3477455085852845e-4,0.03405919635596906,2.991212833657051e-4,0.10744315466195876,4.123284641831695e-4,4.1542629252050027e-4,0.13392817716027647
9,"HRH Ambassador Reema bint Bandar Meets President Trump at White House, Presents Credentials","July 9, 2019",https://saudiembassy.net/news/hrh-ambassador-reema-bint-bandar-meets-president-trump-white-house-presents-credentials,Press Releases,0.27450278416870777,0.03982100087066333,2.0818825934394936e-4,0.3923347860832939,0.08630430571007901,0.18851514364917063,3.5058757465292363e-4,0.01643801028460788,4.8327298743769723e-4,4.8690382276728525e-4,5.550165892755939e-4
10,"Princess Reema bint Bandar Arrives in Washington, DC to Begin Assignment as Saudi Ambassador to the U.S.","July 3, 2019",https://saudiembassy.net/news/princess-reema-bint-bandar-arrives-washington-dc-begin-assignment-saudi-ambassador-us,Press Releases,0.3699968014425662,0.07744727270352234,1.366068594770689e-4,0.16506598044435594,0.1695297349063748,0.026193882439105354,2.300449972344238e-4,0.18526709703641436,3.1710916500288943e-4,3.194916096864485e-4,0.005495978396260225
11,Saudi Special Forces Capture Leader of Daesh (ISIS) Branch in Yemen,"June 25, 2019",https://saudiembassy.net/news/saudi-special-forces-capture-leader-daesh-isis-branch-yemen,Press Releases,0.033575708795032286,0.37594023354941636,1.7528691670834072e-4,0.0010888757439862676,2.3168263861354926e-4,6.863770701321597e-4,0.05955886725996961,0.059934182236378857,0.17819795416832335,0.2242949886675686,0.06631584295387062
12,His Majesty Issues Royal Order Dismissing Senior Saudi Government Officials,"October 19, 2018",https://saudiembassy.net/news/his-majesty-issues-royal-order-dismissing-senior-saudi-government-officials,Press Releases,0.0015251982336898996,0.0014130996350176855,4.103948704913682e-4,0.6808953188829355,5.424327625495949e-4,0.0016069974536309982,6.911020955214643e-4,0.0015698176552984067,0.21679001195610584,9.598179643560174e-4,0.09359580849040319
13,Official Source: Kingdom of Saudi Arabia Takes Necessary Measures to Clarify Truth into Case of Citizen Jamal Khashoggi,"October 19, 2018",https://saudiembassy.net/news/official-source-kingdom-saudi-arabia-takes-necessary-measures-clarify-truth-case-citizen-jamal,Press Releases,0.05002847004936269,0.15897690169871606,1.3186976103691755e-4,0.10980362163372302,1.7429671742818386e-4,0.02033172184700663,2.2206775654727708e-4,5.044202400187874e-4,0.4114747257802975,3.084126403603059e-4,0.2480434918755026
14,Custodian of the Two Holy Mosques Directs Formation of Ministerial Committee to Restructure the Presidency of the General Intelligence,"October 19, 2018",https://saudiembassy.net/news/custodian-two-holy-mosques-directs-formation-ministerial-committee-restructure-presidency,Press Releases,0.04769869767674997,7.16848027222333e-4,2.0818825934394936e-4,0.5252889057509934,2.751694545088257e-4,0.1415901602370414,0.12548387667366412,0.10246714654017808,4.8327298743769723e-4,4.8690382276728525e-4,0.05530083057009299
15,Saudi Public Prosecutor: Preliminary Investigations into Case of Citizen Jamal Khashoggi Show Death,"October 19, 2018",https://saudiembassy.net/news/saudi-public-prosecutor-preliminary-investigations-case-citizen-jamal-khashoggi-show-death,Press Releases,0.08111093357976897,0.0014580572367438515,4.2345153591028e-4,0.0026304650390629744,5.596901982587361e-4,0.11301021976859943,7.130894288931721e-4,0.001619761222744538,0.6372806601250537,9.903544620677284e-4,0.16020331740289676
16,The Public Investment Fund (PIF) Denies Claims of Shelving SoftBank Solar Project,"October 1, 2018",https://saudiembassy.net/news/public-investment-fund-pif-denies-claims-shelving-softbank-solar-project,Press Releases,0.2730893092533922,0.13688257395095066,0.3125538730933345,0.0013243297240506013,2.817807326106315e-4,8.347964043675558e-4,3.590108640736385e-4,0.2731124879663638,4.948842039687771e-4,4.986022744973032e-4,5.683515323904335e-4
17,Kingdom of Saudi Arabia Contributes $100 Million for Syria?ĆÖs Stabilization Efforts: Raqqa and Areas of Northeast Syria Liberated from ISIS,"August 16, 2018",https://saudiembassy.net/news/kingdom-saudi-arabia-contributes-100-million-syria%E2%80%99s-stabilization-efforts-raqqa-and-areas,Press Releases,0.34318326332807014,0.19629577335394943,1.4477962986537713e-4,8.993656237677297e-4,1.913601271252637e-4,0.1202207986678367,2.4380788548595812e-4,0.20178987326768966,3.360808359974328e-4,0.10911486039758077,0.027580036882631553
19,Energy Ministry Reiterates: Kingdom of Saudi Arabia Committed to Oil Market Stability,"May 8, 2018",https://saudiembassy.net/news/energy-ministry-reiterates-kingdom-saudi-arabia-committed-oil-market-stability,Press Releases,0.2395184154565141,0.0015571375387482156,0.49311614365681955,0.0028092147231729868,5.977231865906613e-4,0.1546664978459083,7.615464538921621e-4,0.0017298298998033941,0.0010497657545604651,0.0010576526563499864,0.10313607282764017
20,Kingdom of Saudi Arabia's Statement on the United States Withdrawal from the JCPOA,"May 8, 2018",https://saudiembassy.net/news/kingdom-saudi-arabias-statement-united-states-withdrawal-jcpoa,Press Releases,0.09287996634195404,0.11336982540174984,1.366068594770689e-4,8.485966810302333e-4,1.8055790044512588e-4,0.5342414134568944,2.300449972344238e-4,5.225403026729148e-4,3.1710916500288943e-4,0.12861432267478468,0.12865901621875453
21,Coalition Investigating Claims of a Strike in Bani Qais,"April 23, 2018",https://saudiembassy.net/news/coalition-investigating-claims-strike-bani-qais,Press Releases,0.044008018151589834,0.12162276880641348,2.2975031917652945e-4,0.0014272003548369905,3.036687573077189e-4,0.06994631377767323,3.8689793281167337e-4,0.07855633356426713,0.03505666181003116,0.42344820133562977,0.22501418519026245
22,"Houthi Militias Take 19 Ships Hostage, Preventing Aid from Reaching Yemeni People","April 23, 2018",https://saudiembassy.net/news/houthi-militias-take-19-ships-hostage-preventing-aid-reaching-yemeni-people,Press Releases,0.10164952792229992,0.04727212416563015,0.039007271838787036,0.0012832217886925557,2.730341010649229e-4,0.0861704219858404,3.4786696605099523e-4,7.901693664955519e-4,4.795227214791724e-4,0.636814591431942,0.08591224771171728
23,"Crown Prince Visits Houston City, Meets Mayor, and Views Rebuilding Efforts","April 9, 2018",https://saudiembassy.net/news/crown-prince-visits-houston-city-meets-mayor-and-views-rebuilding-efforts,Press Releases,0.07253898053777819,0.062246384160283046,2.720081486640787e-4,0.47173140575984723,0.051451011635650704,0.08281149460307373,4.5805982252064396e-4,0.03169536269737471,0.09259610050729476,0.13347403579351766,7.251563339952258e-4
24,"Crown Prince Mohammed bin Salman Meets with SABIC, Energy Secretary Perry and U.S. Business and Industry Leaders in Houston","April 9, 2018",https://saudiembassy.net/news/crown-prince-mohammed-bin-salman-meets-sabic-energy-secretary-perry-and-us-business-and,Press Releases,0.25537074458093956,7.776681344004724e-4,0.127491544472245,0.39168444024393395,2.9851587533978694e-4,8.843755109567255e-4,3.80332755020284e-4,0.17055150473897926,5.242757017872815e-4,0.051434491683314536,6.021063030831167e-4
25,"Crown Prince Meets Presidents Bush, Former Secretary of State Baker","April 9, 2018",https://saudiembassy.net/news/crown-prince-meets-presidents-bush-former-secretary-state-baker,Press Releases,0.09831412199774094,0.0017673032564956006,5.132633064896431e-4,0.8901292931276117,6.78397449074287e-4,0.002009802962652847,8.643318232622226e-4,0.0019633037795515674,0.0011914518726995125,0.0012004032638704475,0.0013683271605511639
26,Crown Prince Meets with Former Secretary of Defense Panetta,"April 9, 2018",https://saudiembassy.net/news/crown-prince-meets-former-secretary-defense-panetta,Press Releases,0.17759902206206243,0.0016119049459608398,4.6813225702497293e-4,0.7766887096926118,0.03579059574802061,0.0018330817441771273,7.883314511796664e-4,0.0017906712167542818,0.0010866879577231345,0.0010948522564356662,0.0012480106680494104
27,Crown Prince Visits Apple Headquarters,"April 9, 2018",https://saudiembassy.net/news/crown-prince-visits-apple-headquarters,Press Releases,0.17259487599032167,0.05809122974217894,2.538506946058392e-4,0.5165312942870673,0.08616125358842154,9.940119849588226e-4,4.2748279670655557e-4,0.16308628315314078,5.892704225103264e-4,5.936976177485199e-4,6.767497223395563e-4
28,Public Investment Fund Announces Agreement with Six Flags,"April 6, 2018",https://saudiembassy.net/news/public-investment-fund-announces-agreement-six-flags,Press Releases,0.5705901978248624,0.008406191792437432,0.09260958730096833,0.03977525936370661,0.03877285050895854,8.026551409292411e-4,0.023446339582063037,0.2240952142356081,4.758302124949258e-4,4.794051301735901e-4,5.464689077977099e-4
29,Kingdom of Saudi Arabia?ĆÖs General Entertainment Authority Announces  Top Entertainment Partners at Summit,"April 6, 2018",https://saudiembassy.net/news/kingdom-saudi-arabia%E2%80%99s-general-entertainment-authority-announces-top-entertainment-partners,Press Releases,0.39482473604889984,0.12078060729879403,0.09975195086276331,0.02974861683914791,0.08733232902205934,0.02534311651428162,0.02509646941389228,0.2121607912021785,2.565478426729428e-4,2.5847528946827306e-4,0.004446359665841929
30,Crown Prince Meets with Entertainment and Development Leaders,"April 5, 2018",https://saudiembassy.net/news/crown-prince-meets-entertainment-and-development-leaders,Press Releases,0.3426475399220667,0.041441537070328584,0.14672052014057785,0.3431882263927186,2.863676175967408e-4,8.483853927209315e-4,3.648549170967562e-4,0.12291530661419435,5.02940031292442e-4,5.067186253412477e-4,5.776032760657408e-4
31,AMC to Open First International Movie Theater in Kingdom of Saudi Arabia,"April 5, 2018",https://saudiembassy.net/news/amc-open-first-international-movie-theater-kingdom-saudi-arabia,Press Releases,0.38319250380340647,8.342960059411097e-4,0.21869488320848826,0.0015051442567226906,0.12775092793947562,9.487735499309613e-4,4.0802764624864736e-4,0.23758379017148828,5.624521626442968e-4,5.666778719978436e-4,0.027952523383655798
32,Crown Prince Mohammed bin Salman Meets with Mayor Eric Garcetti,"April 4, 2018",https://saudiembassy.net/news/crown-prince-mohammed-bin-salman-meets-mayor-eric-garcetti,Press Releases,0.22052722185830095,0.0016706653357678764,4.851975523284986e-4,0.7320941146738821,6.413019938010769e-4,0.03835390919891394,8.170692892789543e-4,0.0018559483529628324,0.0011263020851904097,0.001134764005283192,0.0012935056542901842
33,The Custodian of the Two Holy Mosques King Salman Al Saud Calls United States President Donald Trump,"April 4, 2018",https://saudiembassy.net/news/custodian-two-holy-mosques-king-salman-al-saud-calls-united-states-president-donald-trump,Press Releases,0.08865812341665316,4.752518529585017e-4,1.380234753533469e-4,0.25492288868368673,1.8243028949891955e-4,0.42571128672867675,0.1557827318162503,0.07311809963840069,3.2039759341253145e-4,3.2280474409530604e-4,3.679617610137101e-4
34,Virgin Galactic and Virgin Hyperloop One extend relationship with the Public Investment Fund (PIF) of the Kingdom of Saudi Arabia (KSA),"April 4, 2018",https://saudiembassy.net/news/virgin-galactic-and-virgin-hyperloop-one-extend-relationship-public-investment-fund-pif-kingdom,Press Releases,0.47932993850725863,8.121197972600579e-4,0.13313957801420281,0.11664836106148632,3.11740498852706e-4,0.009783802493646845,3.971819677767225e-4,0.25784938038236493,5.47501765611245e-4,5.516151524656043e-4,6.287803590741632e-4
35,"Crown Prince Meets with Bill Gates, Jeff Bezos, and Satya Nadella","April 4, 2018",https://saudiembassy.net/news/crown-prince-meets-bill-gates-jeff-bezos-and-satya-nadella,Press Releases,0.25485668065457073,0.0011622439740467637,3.3754093015693476e-4,0.5473416032838606,4.461392487663585e-4,0.001321720748139423,5.684165688436116e-4,0.19149281966637907,7.835428098274357e-4,7.894295756722426e-4,8.998625397367208e-4
36,Saudi Arabian Military Industries (SAMI) and Boeing Form Joint Venture Partnership,"April 4, 2018",https://saudiembassy.net/news/saudi-arabian-military-industries-sami-and-boeing-form-joint-venture-partnership,Press Releases,0.3972303951897764,2.4257111987415424e-4,0.09534290745303758,0.17510379568522333,9.311340786415223e-5,0.01615459865882535,0.021290291492991317,0.19610730662709147,1.6353266705905516e-4,0.09808367802243094,1.8780967582625153e-4
37,The Economic Club of New York organizes a Panel Discussion on New Economic Opportunities in the Kingdom of Saudi Arabia,"April 4, 2018",https://saudiembassy.net/news/economic-club-new-york-organizes-panel-discussion-new-economic-opportunities-kingdom-saudi,Press Releases,0.5380315189747364,6.746381800138792e-4,0.16212297050178892,0.1557838281866225,0.022339926895256,7.672083486108793e-4,0.015050584162473428,0.10379393864337316,4.5481663660032316e-4,4.5823367904957807e-4,5.223357914748991e-4
38,Crown Prince Meets with Representatives of Permanent Members of UNSC,"April 4, 2018",https://saudiembassy.net/news/crown-prince-meets-representatives-permanent-members-unsc,Press Releases,0.07741644088770569,0.0013916447129567536,4.041638944565549e-4,0.71610600675767,5.341970710559431e-4,0.19896003744893534,6.806091753988331e-4,0.0015459833023556428,9.381964828563237e-4,9.452451634666569e-4,0.0010774751031422062
39,Saudi Stock Exchange Joins FTSE Global Equity Index Series,"March 30, 2018",https://saudiembassy.net/news/saudi-stock-exchange-joins-ftse-global-equity-index-series,Press Releases,0.4237526027994109,5.241730152117907e-4,0.263214326010837,0.006664395967472396,0.01735743275018382,5.960971751980445e-4,0.011693838734386806,0.21789447099910111,3.5337846987902767e-4,3.560334062535088e-4,0.057593250672065596
40,Crown Prince Meets with Presidents of Large Financial Service Firms,"March 30, 2018",https://saudiembassy.net/news/crown-prince-meets-presidents-large-financial-service-firms,Press Releases,0.4023659935822689,0.0014130996350176855,4.103948704913682e-4,0.40339015287238084,0.015959386429802633,0.0016069974536309982,0.03152500943002754,0.14032240066057577,9.526606145632994e-4,9.598179643560174e-4,0.0010940864868849683
41,His Royal Highness Meets with 42nd President Bill Clinton,"March 30, 2018",https://saudiembassy.net/news/his-royal-highness-meets-42nd-president-bill-clinton,Press Releases,0.27337432165744946,0.0013119669654232048,3.8102374349355126e-4,0.6035378371867205,0.04344439280910885,0.07305995600647902,6.416413227985624e-4,0.0014574689954285108,8.844806300945473e-4,8.911257429056529e-4,0.0010157849400980435
42,Crown Prince Meets with Former Secretary of State John Kerry,"March 30, 2018",https://saudiembassy.net/news/crown-prince-meets-former-secretary-state-john-kerry,Press Releases,0.18944937446920823,0.0014352264547729356,4.168209802311305e-4,0.7541904528193482,0.04752599990280005,0.0016321603948153925,7.019236194403263e-4,0.0015943984218959174,9.67577715370635e-4,9.748471375076267e-4,0.0011112180846096081
43,Crown Prince Meets with Chairman and Members of the Economic Club of New York,"March 30, 2018",https://saudiembassy.net/news/crown-prince-meets-chairman-and-members-economic-club-new-york,Press Releases,0.26669546916986997,0.0013506317535210226,3.922528389591243e-4,0.6655308956051772,0.05946016366667262,0.0015359580704118496,6.605510411334345e-4,0.00150042185274318,9.105470304236124e-4,9.17387980390301e-4,0.001045720990697592
44,His Royal Highness Attended Dinner Event of the Saudi-U.S. CEO Forum,"March 30, 2018",https://saudiembassy.net/news/his-royal-highness-attended-dinner-event-saudi-us-ceo-forum,Press Releases,0.5293175173765596,0.0016119049459608398,4.6813225702497293e-4,0.31945466578376547,6.187462165708866e-4,0.019419006509901988,7.883314511796664e-4,0.08972029504537858,0.0010866879577231345,0.0010948522564356662,0.03641986019949913
45,His Royal Highness the Crown Prince Meets with Religious Leaders in the United States,"March 30, 2018",https://saudiembassy.net/news/his-royal-highness-crown-prince-meets-religious-leaders-united-states,Press Releases,0.18861291000218175,0.10809282565351047,2.3796568865849856e-4,0.41269311005868453,3.145272886488505e-4,0.07244744114778935,4.0073255763940096e-4,0.21545714386780562,5.523961323662601e-4,5.565462906524849e-4,6.344013120627317e-4
46,His Royal Highness the Crown Prince Meets with Mr. Mark Makepeace of FTSE,"March 30, 2018",https://saudiembassy.net/news/his-royal-highness-crown-prince-meets-mr-mark-makepeace-ftse,Press Releases,0.29548251770719963,0.0401679943279766,0.1376999420366327,0.4728414618868911,0.010162448510188223,0.001023286762956749,4.400726489023876e-4,0.04026778756368317,6.066251034002643e-4,6.111826845490029e-4,6.966807676201317e-4
47,Second Annual Saudi-U.S. CEO Forum Recap,"March 28, 2018",https://saudiembassy.net/news/second-annual-saudi-us-ceo-forum-recap,Press Releases,0.46899976206385785,0.12923961989228105,0.07786951925832371,0.042070392109621456,0.03043516847148352,0.05903659381032469,0.003881132017747906,0.13305496239301723,1.172847107765572e-4,0.005812238633003542,0.04948332663956249
48,Kingdom of Saudi Arabia's Crown Prince Meets with Global Advisors on Gigaprojects,"March 28, 2018",https://saudiembassy.net/news/kingdom-saudi-arabias-crown-prince-meets-global-advisors-gigaprojects,Press Releases,0.39618737771751317,0.05115424378670491,0.10194564641712674,0.055955995003968015,0.041761291708721136,0.0604455487006701,1.0379991173788946e-4,0.24336806843219952,1.4308463011274838e-4,0.023299615821761682,0.02563532786948408
49,Public Investment Fund Announces the Signing of MOU with Softbank Vision Fund to Create a 'New' Solar Energy Plan - The World's Largest Such Project,"March 28, 2018",https://saudiembassy.net/news/public-investment-fund-announces-signing-mou-softbank-vision-fund-create-new-solar-energy-plan,Press Releases,0.27013347487239014,0.04714034222729086,0.3060536159293099,8.573966456550408e-4,1.8243028949891955e-4,0.005725473359685527,2.32430568475781e-4,0.31162856155165497,3.2039759341253145e-4,3.2280474409530604e-4,0.05740307221853104
50,"His Royal Highness Crown Prince Mohammed Bin Salman meets with the Secretary General of the United Nations, attends signing of agreement between the Kingdom of Saudi Arabia and the United Nations","March 28, 2018",https://saudiembassy.net/news/his-royal-highness-crown-prince-mohammed-bin-salman-meets-secretary-general-united-nations,Press Releases,4.230239821700974e-4,0.01749591559863218,1.1382577591729456e-4,0.2957507867517514,1.5044737281010403e-4,0.3211453912264067,1.9168181163329976e-4,0.15437124572543498,2.642268250299561e-4,0.1713060411271713,0.038787413803042715
51,Saudi-U.S. CEO Forum 2018 concludes with more than $20 billion dollars in new business partnerships,"March 27, 2018",https://saudiembassy.net/news/saudi-us-ceo-forum-2018-concludes-more-20-billion-dollars-new-business-partnerships,Press Releases,0.5771031341534322,6.951028992121639e-4,0.038119826291839735,0.08467352474181666,2.6682236449036216e-4,0.00837407178300245,0.06859226864719994,0.19036195885667,4.6861320938626066e-4,0.030806496538160744,5.381805147894434e-4
52,Coalition Press Conference: Findings on Houthi Ballistic Missile Attacks on the Kingdom of Saudi Arabia,"March 26, 2018",https://saudiembassy.net/news/coalition-press-conference-findings-houthi-ballistic-missile-attacks-kingdom-saudi-arabia,Press Releases,0.024239709358050705,0.11299339464086153,0.0069200109382583684,5.64633571730667e-4,1.2013840557183306e-4,0.2154730849977797,1.5306579833608428e-4,0.007176800745893995,0.09923318350587791,0.5158108680067875,0.017315110030851667
53,Kingdom of Saudi Arabia Intercepts 7 Ballistic Missiles Fired by the Iranian-Backed Houthi Militia,"March 26, 2018",https://saudiembassy.net/news/kingdom-saudi-arabia-intercepts-7-ballistic-missiles-fired-iranian-backed-houthi-militia,Press Releases,0.07364590457113575,0.0679827402118712,0.005771947611850706,9.297045576629947e-4,1.9781541304415517e-4,0.14676542764062658,2.5203242856990983e-4,0.03992847229410936,0.22523877923874586,0.4388881824883875,3.98993543995954e-4
54,His Royal Highness the Crown Prince Visits Harvard University,"March 26, 2018",https://saudiembassy.net/news/his-royal-highness-crown-prince-visits-harvard-university,Press Releases,0.37908791620418397,9.365970270019019e-4,0.07180009313749208,0.31845693792664437,0.07188760734674442,0.0010651117586988708,4.5805982252064396e-4,0.15431493696393703,6.314198073730476e-4,6.361636714085008e-4,7.251563339952258e-4
55,Crown Prince Mohammed bin Salman?ĆÖs Visit to Boston Extends,"March 26, 2018",https://saudiembassy.net/news/crown-prince-mohammed-bin-salman%E2%80%99s-visit-boston-extends,Press Releases,0.2870062839449139,2.7956380180745163e-4,0.1769839944502492,0.15605682272616025,0.0763585216350563,3.1792402071234924e-4,0.0184370157352525,0.25041453139075476,1.884717939483482e-4,0.03374041939592905,2.164511052158698e-4
56,Crown Prince Tours IBM Watson Health Center,"March 26, 2018",https://saudiembassy.net/news/crown-prince-tours-ibm-watson-health-center,Press Releases,0.40559828567806683,9.271234039118818e-4,0.03061407794825644,0.1635116592563059,0.02058576657456645,0.0010543382167595358,0.02068330733859082,0.334822977451302,6.250330336654975e-4,6.29728913799052e-4,0.020947702184775614
57,Crown Prince Meets with World Bank President,"March 26, 2018",https://saudiembassy.net/news/crown-prince-meets-world-bank-president,Press Releases,0.4038497972142975,0.002299307605559531,0.025753274551105355,0.4306017509548132,8.826127652487441e-4,0.002614806044587443,0.0011245182328779983,0.12798183744508213,0.0015501099443387771,0.0015617559375909378,0.0017802293044984268
58,Crown Prince Meets with Managing Director of the International Monetary Fund,"March 26, 2018",https://saudiembassy.net/news/crown-prince-meets-managing-director-international-monetary-fund,Press Releases,0.5194959899559036,0.001531126138714059,0.05055854998528355,0.21992242432947906,5.877384443766887e-4,0.0017412189099253153,7.48825105286883e-4,0.20215644434213115,0.0010322298103650784,0.0010399849644108247,0.0011854680141237498
59,Crown Prince Meets with Secretary of the Treasury,"March 26, 2018",https://saudiembassy.net/news/crown-prince-meets-secretary-treasury,Press Releases,0.30751190172598775,0.23783452501040905,3.7041967023698855e-4,0.28060582215625196,0.014404835643861932,0.043196183534333285,6.237841374982218e-4,0.11273882256538438,8.598651105745885e-4,8.663252867137665e-4,9.875151587480655e-4
60,His Royal Highness Crown Prince Mohammed bin Salman Continues Meetings with Members of Congress,"March 21, 2018",https://saudiembassy.net/news/his-royal-highness-crown-prince-mohammed-bin-salman-continues-meetings-members-congress,Press Releases,0.15619316340438483,0.024941182828212127,3.1741654369223517e-4,0.514708778732564,4.195401674191849e-4,0.13240819782406948,5.345272425950024e-4,0.0012141625790187583,7.368275320409086e-4,0.16767999093396574,8.462122120376526e-4
61,HRH Crown Prince Mohammed bin Salman Meets with Members of the U.S. Senate,"March 20, 2018",https://saudiembassy.net/news/hrh-crown-prince-mohammed-bin-salman-meets-members-us-senate,Press Releases,0.3097304617629294,0.07571946358043291,0.00960681804972567,0.3477829748270838,3.292435774442512e-4,0.16941433768715444,4.1948226954285667e-4,9.528413776782846e-4,5.782419692991567e-4,0.047371177716102206,0.03809495718260701
62,HRH Crown Prince Mohammed bin Salman Meets with Congressional Leadership,"March 20, 2018",https://saudiembassy.net/news/hrh-crown-prince-mohammed-bin-salman-meets-congressional-leadership,Press Releases,0.2695466701282549,0.06505660645630336,1.432217176631498e-4,0.3398478301495535,1.8930098194478887e-4,0.1888708972660535,0.04328348814591779,5.478430584197691e-4,3.3246441263855276e-4,0.0917998577405792,3.818199426715353e-4
63,"His Royal Highness Prince Mohammed bin Salman, the Kingdom's Crown Prince's Visit to the United States","March 19, 2018",https://saudiembassy.net/news/his-royal-highness-prince-mohammed-bin-salman-kingdoms-crown-princes-visit-united-states,Press Releases,0.40953346888845915,0.048981121565208605,1.0783163687378321e-4,0.5151238623770886,0.024447438872591216,4.2224008713743604e-4,1.8158772334984292e-4,4.124710602779134e-4,2.503124693799152e-4,2.521930697463451e-4,2.8747224988713517e-4
64,Former UN Special Envoy attests Iranian-backed Houthis Preventing Peaceful Political,"March 9, 2018",https://saudiembassy.net/news/former-un-special-envoy-attests-iranian-backed-houthis-preventing-peaceful-political,Press Releases,0.11348170656767291,0.07113632201002376,1.8764292951577668e-4,0.0011656308315367377,2.480139980996241e-4,0.5717055181657771,0.03556109791525009,7.177603932843901e-4,4.3558056253706893e-4,0.176664395746797,0.028696330879505592
65,Yemen Comprehensive Humanitarian Operations: One Month Status Update,"February 23, 2018",https://saudiembassy.net/news/yemen-comprehensive-humanitarian-operations-one-month-status-update,Press Releases,0.06066383334618365,0.053542407533470504,9.444180390946295e-5,5.866689392821547e-4,1.2482692226011778e-4,0.0464913989109227,0.03918499998719832,0.15646509567663158,0.010862674104545325,0.6175406185465049,0.014443034229091326
66,Kingdom of Saudi Arabia Announces Approval of Bankruptcy Law,"February 21, 2018",https://saudiembassy.net/news/kingdom-saudi-arabia-announces-approval-bankruptcy-law,Press Releases,0.21657962457711422,0.1448465638461316,0.07207941448012949,0.0029600756687290825,6.298222227967723e-4,0.0018658952374435338,0.14400824778822618,0.2345321580579273,0.0011061404606443504,0.00111445090622768,0.1802776067546299
67,"Under-Secretary General for Humanitarian Affairs and Emergency Relief Coordinator, Mark Lowcock, Welcomes Yemen Aid","February 14, 2018",https://saudiembassy.net/news/under-secretary-general-humanitarian-affairs-and-emergency-relief-coordinator-mark-lowcock,Press Releases,0.03837716074845681,0.008216383865416888,2.0035360148860508e-4,0.023824127049445493,2.6481412258419176e-4,0.22657991156808796,3.3739406554536767e-4,0.21903524782994607,4.650861861299006e-4,0.36926770106586343,0.11343181989703525
68,YCHO Commemorates Red Hand Day for Child Soldiers and Provides YCHO Aid Distribution Update,"February 12, 2018",https://saudiembassy.net/news/ycho-commemorates-red-hand-day-child-soldiers-and-provides-ycho-aid-distribution-update,Press Releases,0.05044086323646945,0.07959379516564616,1.1097851400584496e-4,6.893943613924883e-4,1.466840505675997e-4,0.09215333400947585,0.016863027330863464,0.05879099931390222,0.021102792760129798,0.6798122696344158,2.9586162313138115e-4
69,YCHO Aid Delivery Announcements: Cranes to be Delivered to Three Different Yemeni Ports,"February 6, 2018",https://saudiembassy.net/news/ycho-aid-delivery-announcements-cranes-be-delivered-three-different-yemeni-ports,Press Releases,0.05498762928557074,0.0535338495781015,0.005811561437176746,2.3866261583261686e-4,5.078080293357133e-5,0.10406699062313055,0.01594083813230144,0.08385751438746747,0.015965324395905114,0.6567847115063227,0.008762137235257596
70,Kingdom of Saudi Arabia Intercepts Ballistic Missile Launched by Iranian-backed Houthi Militia,"February 5, 2018",https://saudiembassy.net/news/kingdom-saudi-arabia-intercepts-ballistic-missile-launched-iranian-backed-houthi-militia,Press Releases,6.973592635775412e-4,6.461049449641462e-4,1.8764292951577668e-4,0.0011656308315367377,2.480139980996241e-4,0.3390878018510804,3.1598938272028735e-4,0.02891384721930823,0.18371014493169205,0.44452722059402344,5.0024405348175e-4
71,Yemen Comprehensive Humanitarian Operations (YCHO): New Humanitarian Operation Commits Over $3.5 Billion to Relieve Suffering in Yemen,"January 22, 2018",https://saudiembassy.net/news/yemen-comprehensive-humanitarian-operations-ycho-new-humanitarian-operation-commits-over-35,Press Releases,0.10362485038805198,0.018189075859301466,0.013547116319195905,0.0026195905950795947,7.90897891129387e-5,0.05867918248906334,0.013588045032877867,0.13510167243819896,1.3890334858806586e-4,0.6160589942056636,0.03837347953486631
72,Yemen Humanitarian Developments: Crane Installations and Central Bank Injection,"January 18, 2018",https://saudiembassy.net/news/yemen-humanitarian-developments-crane-installations-and-central-bank-injection,Press Releases,0.1043482331563055,0.018258595827692153,0.02519733040553486,5.929802916992945e-4,0.0037121516037393965,0.07567940524413344,0.02167664107626548,0.10435861162907513,0.02173747956026382,0.5596364143988305,0.06480215680646048
73,Arab Coalition Forces' Command: Saudi Royal Air Defense Forces Intercept and Destroy a Ballistic Missile Fired at Najran,"January 5, 2018",https://saudiembassy.net/news/arab-coalition-forces-command-saudi-royal-air-defense-forces-intercept-and-destroy-ballistic,Press Releases,3.4366941811102037e-4,3.1841049810588915e-4,9.247333443096032e-5,5.744408808042637e-4,1.2222512965988304e-4,0.31301011236622445,1.557244493055574e-4,0.03161852454175242,0.19475120120558956,0.45876669017853655,2.4652799747953025e-4
74,The Coalition Supporting Legitimacy in Yemen Announces the Sustained Opening of Hudaydah Port for Additional Relief for 30 Days,"December 20, 2017",https://saudiembassy.net/news/coalition-supporting-legitimacy-yemen-announces-sustained-opening-hudaydah-port-additional,Press Releases,0.16409049298529746,6.241081842733904e-4,1.8125459175727225e-4,0.0011259467172842102,2.395703163004425e-4,0.2117898756858406,0.03435041385093652,0.06878368887855169,4.207511428424025e-4,0.5179106844934718,4.83213153444261e-4
75,Saudi Royal Air Defense Forces Intercept and Destroy Ballistic Missile Launched towards the Kingdom of Saudi Arabia,"December 19, 2017",https://saudiembassy.net/news/saudi-royal-air-defense-forces-intercept-and-destroy-ballistic-missile-launched-towards-kingdom,Press Releases,7.502441355438127e-4,0.008278693557342275,2.018730011891768e-4,0.001254027502385442,2.6682236449036216e-4,0.25863256350129615,3.3995272402894604e-4,0.023522964377807595,0.15214042637198846,0.531323479974748,0.023288952489179775
76,Kingdom of Saudi Arabia Welcomes UN Report and US Stance on Iran's Hostile Interferences and Support for Houthi Terrorist Militias,"December 14, 2017",https://saudiembassy.net/news/kingdom-saudi-arabia-welcomes-un-report-and-us-stance-irans-hostile-interferences-and-support,Press Releases,4.852749965504153e-4,0.07893343531637736,0.009941054421541504,8.111335538172741e-4,1.725867832525999e-4,0.4714142627630329,0.010030367531568258,0.020120428368051464,0.12293408927256935,0.2210411501985274,0.06411621679471151
77,The Kingdom of Saudi Arabia Announces Cinema Openings,"December 11, 2017",https://saudiembassy.net/news/kingdom-saudi-arabia-announces-cinema-openings,Press Releases,0.3012727842403437,8.342960059411097e-4,0.12767297258286295,0.0015051442567226906,0.16415969218972576,9.487735499309613e-4,0.17334965783493675,0.10105092423305032,5.624521626442968e-4,0.0460776331848105,0.082565669759031
78,Embassy Statement on Art Work Purchase,"December 8, 2017",https://saudiembassy.net/news/embassy-statement-art-work-purchase,Press Releases,0.0014577748898859308,0.19291118873350951,3.922528389591243e-4,0.12032007958521002,0.3246978579466567,0.03100681299041008,0.20695653548112106,0.00150042185274318,9.105470304236124e-4,9.17387980390301e-4,0.11892914067069052
79,The Kingdom of Saudi Arabia's Royal Court Issues a Statement Following Jerusalem Announcement,"December 6, 2017",https://saudiembassy.net/news/kingdom-saudi-arabias-royal-court-issues-statement-following-jerusalem-announcement,Press Releases,0.062379691426489324,0.041762690730086025,1.8249722199879063e-4,0.0011336658896796293,2.4121274266392863e-4,0.6314406028732517,3.0732404720166417e-4,0.014409511956062543,0.020990787612000364,4.268184734126487e-4,0.22672519702715346
80,Statement by the Kingdom of Saudi Arabia's Attorney General on the proceedings of the Supreme Anti-Corruption Committee,"December 5, 2017",https://saudiembassy.net/news/statement-kingdom-saudi-arabias-attorney-general-proceedings-supreme-anti-corruption-committee,Press Releases,0.1160655761077283,0.13826893672999468,0.026801217161423963,7.353818524033249e-4,1.5646891658142276e-4,0.14277200731781464,1.9935373303250195e-4,0.05826563647098886,0.08921758761912411,2.7686689921212405e-4,0.4272409671916961
81,The Kingdom of Saudi Arabia's Statement on Jerusalem,"December 5, 2017",https://saudiembassy.net/news/kingdom-saudi-arabias-statement-jerusalem,Press Releases,0.23237634317993705,0.07402119240852219,0.028420873952683764,9.349611749444153e-4,1.9893387579683126e-4,0.4981477656518597,2.5345743827711106e-4,0.023192012288048094,3.4938241466699895e-4,3.5200732863422795e-4,0.14175307028662967
82,Yemen Humanitarian Aid Update: Al Ghaidah Airport Receiving Aid Aircraft,"December 1, 2017",https://saudiembassy.net/news/yemen-humanitarian-aid-update-al-ghaidah-airport-receiving-aid-aircraft,Press Releases,0.11663659801443971,0.05079646779883585,0.00043736629405566563,0.0027169029941167227,5.780818041089114e-4,0.001712610394008967,7.365217844229488e-4,0.0016729871146268613,0.0010152701031215905,0.7732407048036144,0.05045648889464833
83,Kingdom of Saudi Arabia Intercepts another Ballistic Missile from Yemen,"November 30, 2017",https://saudiembassy.net/news/kingdom-saudi-arabia-intercepts-another-ballistic-missile-yemen,Press Releases,0.0010319858260568907,0.021819100881592286,2.776830447861998e-4,0.0017249566462912058,3.6702305980632207e-4,0.16799104246539914,4.676163079542186e-4,0.0323566218976742,0.19884274791192222,0.5743809367142746,7.402852442427022e-4
84,Coalition to Restore Legitimacy in Yemen Reopens Critical Infrastructure to Facilitate Humanitarian Aid Distribution,"November 22, 2017",https://saudiembassy.net/news/coalition-restore-legitimacy-yemen-reopens-critical-infrastructure-facilitate-humanitarian-aid,Press Releases,0.04130559098542891,0.012170454433568158,1.5488854751095882e-4,9.621618405586485e-4,2.047214250340653e-4,0.12279638440159965,2.608312321958005e-4,0.08787095740689409,0.011996678550331215,0.6462230527284812,0.07605427844839723
85,Kingdom of Saudi Arabia Amplifies Aid Distribution through Liberated Ports,"November 14, 2017",https://saudiembassy.net/news/kingdom-saudi-arabia-amplifies-aid-distribution-through-liberated-ports,Press Releases,0.12225427434126834,6.553440133143088e-4,1.9032615592463385e-4,0.0011822989332244942,2.515605090775995e-4,0.057943828196269045,3.2050791725191894e-4,0.1651738882907403,0.06479019084435171,0.586730383435037,5.073973635405931e-4
86,The Kingdom of Saudi Arabia?ĆÖs Anti-Corruption Proceeding's Status,"November 9, 2017",https://saudiembassy.net/news/kingdom-saudi-arabia%E2%80%99s-anti-corruption-proceedings-status,Press Releases,0.279618508272687,0.12186833128596375,0.024423937798448484,0.11624976032524788,2.1341375904086415e-4,0.06735405431925483,0.06699370611620106,6.176262017272923e-4,3.7481305865175266e-4,3.776290333300791e-4,0.32190821982944695
87,Embassy of the Kingdom of Saudi Arabia Recognizes Americans for Returning Recovered Antiquities,"November 8, 2017",https://saudiembassy.net/culture/embassy-kingdom-saudi-arabia-recognizes-americans-returning-recovered-antiquities,Press Releases,0.34666443167817507,4.346828262191299e-4,1.2624134756696688e-4,0.06243541831033526,0.3273925200841644,4.943276309476401e-4,2.1258954757530127e-4,0.1854365261730752,2.9304742433172124e-4,2.952490928900028e-4,0.0762149658847193
88,The Kingdom of Saudi Arabia Extends its Sympathies to the Victims of the Texas Shooting,"November 7, 2017",https://saudiembassy.net/news/kingdom-saudi-arabia-extends-its-sympathies-victims-texas-shooting,Press Releases,9.808283599682184e-4,0.10005247753262905,2.6391777729088234e-4,0.3486425297078338,3.4882904079780176e-4,0.0010334320104113514,4.444356936350456e-4,0.06049576502591342,0.3277869742327823,6.172421781329925e-4,0.15933356844060517
